2008/05/30 10:23:06.467,2964,,^,1.6.0.0
2008/05/30 10:24:16.108,3688,,^,0530102416092-2980-127.0.0.1-20001-127.0.0.1-1054
2008/05/30 10:24:20.905,3688,264,<-,01000000000000000000000000000098000000016540001017900778072434153228308554175225501620080215113237000000000000000000000000000000000000000000000000****************00000000000000000000000000000000E3CCE6E957CD8D543FAA36B8ECE998DB7D661E3D331E9AE70000000001111110301100

************************
DUMP HEXADECIMAL MENSAJE
2008-05-30 10:24:20.889
************************

[30][31][30][30][30][30][30][30] [30][30][30][30][30][30][30][30] 01000000 00000000
[30][30][30][30][30][30][30][30] [30][30][30][30][30][30][39][38] 00000000 00000098
[30][30][30][30][30][30][30][31] [36][35][34][30][30][30][31][30] 00000001 65400010
[31][37][39][30][30][37][37][38] [30][37][32][34][33][34][31][35] 17900778 07243415
[33][32][32][38][33][30][38][35] [35][34][31][37][35][32][32][35] 32283085 54175225
[35][30][31][36][32][30][30][38] [30][32][31][35][31][31][33][32] 50162008 02151132
[33][37][30][30][30][30][30][30] [30][30][30][30][30][30][30][30] 37000000 00000000
[30][30][30][30][30][30][30][30] [30][30][30][30][30][30][30][30] 00000000 00000000
[30][30][30][30][30][30][30][30] [30][30][30][30][30][30][30][30] 00000000 00000000
[30][30][2a][2a][2a][2a][2a][2a] [2a][2a][2a][2a][2a][2a][2a][2a] 00****** ********
[2a][2a][30][30][30][30][30][30] [30][30][30][30][30][30][30][30] **000000 00000000
[30][30][30][30][30][30][30][30] [30][30][30][30][30][30][30][30] 00000000 00000000
[30][30][45][33][43][43][45][36] [45][39][35][37][43][44][38][44] 00E3CCE6 E957CD8D
[35][34][33][46][41][41][33][36] [42][38][45][43][45][39][39][38] 543FAA36 B8ECE998
[44][42][37][44][36][36][31][45] [33][44][33][33][31][45][39][41] DB7D661E 3D331E9A
[45][37][30][30][30][30][30][30] [30][30][30][31][31][31][31][31] E7000000 00011111
[31][30][33][30][31][31][30][30]                                  10301100



*********************************************
RECONOCIMIENTO DE CAMPOS
CONJUNTO DE MENSAJES No. 1 MENSAJE 48
2008-05-30 10:24:20.905
*********************************************

[Snd_Version_Trama,2]            = [01]
[Snd_Telefono_Origen,20]         = [00000000000000000000]
[Snd_Nro_Serie_RP2L_Modem,8]     = [00000000]
[Snd_Codigo_Transaccion,6]       = [980000]
[Snd_Nro_Serie_RP,8]             = [00016540]
[Snd_Nro_Serie_PinPad,8]         = [00101790]
[Snd_Nro_Transaccion,8]          = [07780724]
[Snd_VersionBoot_RP3,4]          = [3415]
[Snd_VersionExos_RP3,4]          = [3228]
[Snd_VersionApp_RP3,4]           = [3085]
[Snd_VersionBoot_PinPad,4]       = [5417]
[Snd_VersionExos_PinPad,4]       = [5225]
[Snd_VersionApp_PinPad,4]        = [5016]
[Snd_Fecha_RP3,8]                = [20080215]
[Snd_Hora_RP3,6]                 = [113237]
[Snd_Cta_Origen,48]              = [000000000000000000000000000000000000000000000000]
[Snd_PinBlock,16]                = [****************]
[Snd_Track2,80]                  = [00000000000000000000000000000000E3CCE6E957CD8D543FAA36B8ECE998DB7D661E3D331E9AE7]
[Snd_Senal_Reversion,1]          = [0]
[Snd_Nro_Txn_Reversa,8]          = [00000000]
[Snd_Usuario,6]                  = [111111]
[Snd_Estado_Impresion,1]         = [0]
[Snd_Codigo_Txn_Impresion,6]     = [301100]


2008/05/30 10:24:26.249,3688,144,->,019800000001654000101790077807247807242008053061024250000000TRANSACCION EXITOSA                                                                 

*********************************************
RECONOCIMIENTO DE CAMPOS
CONJUNTO DE MENSAJES No. 1 MENSAJE 49
2008-05-30 10:24:26.202
*********************************************

[Rcv_Version_Trama,2]            = [01]
[Rcv_Codigo_Transaccion,6]       = [980000]
[Rcv_Nro_Serie_RockPos,8]        = [00016540]
[Rcv_Nro_Serie_PinPad,8]         = [00101790]
[Rcv_Nro_Transaccion,8]          = [07780724]
[Rcv_Nro_Transaccion_Host,6]     = [780724]
[Rcv_Fecha_RockServer,9]         = [200805306]
[Rcv_Hora_RockServer,6]          = [102425]
[Rcv_Codigo_Autorizacion,5]      = [00000]
[Rcv_Nueva_Version_Disponible,1] = [0]
[Rcv_Maquina_Actualizar,1]       = [0]
[Rcv_Mensaje_Promocional,84]     = [TRANSACCION EXITOSA                                                                 ]



************************
DUMP HEXADECIMAL MENSAJE
2008-05-30 10:24:26.202
************************

[30][31][39][38][30][30][30][30] [30][30][30][31][36][35][34][30] 01980000 00016540
[30][30][31][30][31][37][39][30] [30][37][37][38][30][37][32][34] 00101790 07780724
[37][38][30][37][32][34][32][30] [30][38][30][35][33][30][36][31] 78072420 08053061
[30][32][34][32][35][30][30][30] [30][30][30][30][54][52][41][4e] 02425000 0000TRAN
[53][41][43][43][49][4f][4e][20] [45][58][49][54][4f][53][41][20] SACCION  EXITOSA 
[20][20][20][20][20][20][20][20] [20][20][20][20][20][20][20][20]                  
[20][20][20][20][20][20][20][20] [20][20][20][20][20][20][20][20]                  
[20][20][20][20][20][20][20][20] [20][20][20][20][20][20][20][20]                  
[20][20][20][20][20][20][20][20] [20][20][20][20][20][20][20][20]                  
                                                                  


2008/05/30 10:24:46.264,3688,,V,0530102416092-2980-127.0.0.1-20001-127.0.0.1-1054
2008/05/30 10:29:26.999,328,,^,1.6.0.0
2008/05/30 10:29:39.264,644,,^,0530102939249-3872-127.0.0.1-20001-127.0.0.1-1055
2008/05/30 10:29:40.733,644,264,<-,01000000000000000000000000000098000000016540001017900778072434153228308554175225501620080215113237000000000000000000000000000000000000000000000000****************00000000000000000000000000000000E3CCE6E957CD8D543FAA36B8ECE998DB7D661E3D331E9AE70000000001111110301100
2008/05/30 10:29:43.249,644,144,->,019800000001654000101790077807247807242008053061029420000000TRANSACCION EXITOSA                                                                 
2008/05/30 10:30:03.264,644,,V,0530102939249-3872-127.0.0.1-20001-127.0.0.1-1055
2008/05/30 10:31:02.920,2572,,^,1.6.0.0
2008/05/30 10:31:15.577,3324,,^,0530103115545-4008-127.0.0.1-20001-127.0.0.1-1056
2008/05/30 10:31:17.045,3324,264,<-,01000000000000000000000000000098000000016540001017900778072434153228308554175225501620080215113237000000000000000000000000000000000000000000000000****************00000000000000000000000000000000E3CCE6E957CD8D543FAA36B8ECE998DB7D661E3D331E9AE70000000001111110301100

************************
DUMP HEXADECIMAL MENSAJE
2008-05-30 10:31:17.045
************************

[30][31][30][30][30][30][30][30] [30][30][30][30][30][30][30][30] 01000000 00000000
[30][30][30][30][30][30][30][30] [30][30][30][30][30][30][39][38] 00000000 00000098
[30][30][30][30][30][30][30][31] [36][35][34][30][30][30][31][30] 00000001 65400010
[31][37][39][30][30][37][37][38] [30][37][32][34][33][34][31][35] 17900778 07243415
[33][32][32][38][33][30][38][35] [35][34][31][37][35][32][32][35] 32283085 54175225
[35][30][31][36][32][30][30][38] [30][32][31][35][31][31][33][32] 50162008 02151132
[33][37][30][30][30][30][30][30] [30][30][30][30][30][30][30][30] 37000000 00000000
[30][30][30][30][30][30][30][30] [30][30][30][30][30][30][30][30] 00000000 00000000
[30][30][30][30][30][30][30][30] [30][30][30][30][30][30][30][30] 00000000 00000000
[30][30][2a][2a][2a][2a][2a][2a] [2a][2a][2a][2a][2a][2a][2a][2a] 00****** ********
[2a][2a][30][30][30][30][30][30] [30][30][30][30][30][30][30][30] **000000 00000000
[30][30][30][30][30][30][30][30] [30][30][30][30][30][30][30][30] 00000000 00000000
[30][30][45][33][43][43][45][36] [45][39][35][37][43][44][38][44] 00E3CCE6 E957CD8D
[35][34][33][46][41][41][33][36] [42][38][45][43][45][39][39][38] 543FAA36 B8ECE998
[44][42][37][44][36][36][31][45] [33][44][33][33][31][45][39][41] DB7D661E 3D331E9A
[45][37][30][30][30][30][30][30] [30][30][30][31][31][31][31][31] E7000000 00011111
[31][30][33][30][31][31][30][30]                                  10301100


2008/05/30 10:31:19.561,3324,144,->,019800000001654000101790077807247807242008053061031190000000TRANSACCION EXITOSA                                                                 

************************
DUMP HEXADECIMAL MENSAJE
2008-05-30 10:31:19.545
************************

[30][31][39][38][30][30][30][30] [30][30][30][31][36][35][34][30] 01980000 00016540
[30][30][31][30][31][37][39][30] [30][37][37][38][30][37][32][34] 00101790 07780724
[37][38][30][37][32][34][32][30] [30][38][30][35][33][30][36][31] 78072420 08053061
[30][33][31][31][39][30][30][30] [30][30][30][30][54][52][41][4e] 03119000 0000TRAN
[53][41][43][43][49][4f][4e][20] [45][58][49][54][4f][53][41][20] SACCION  EXITOSA 
[20][20][20][20][20][20][20][20] [20][20][20][20][20][20][20][20]                  
[20][20][20][20][20][20][20][20] [20][20][20][20][20][20][20][20]                  
[20][20][20][20][20][20][20][20] [20][20][20][20][20][20][20][20]                  
[20][20][20][20][20][20][20][20] [20][20][20][20][20][20][20][20]                  
                                                                  


2008/05/30 10:31:39.639,3324,,V,0530103115545-4008-127.0.0.1-20001-127.0.0.1-1056
